
3.732143 -0.107143 -0.107143 -0.017857 -0.071429 -0.845238 -0.845238 -0.071429 -0.071429 -0.011905 -0.011905 -0.071429 -1.267857 -0.107143 -0.107143 -0.017857 ;
-0.107143 3.732143 -0.017857 -0.107143 -0.011905 -0.071429 -0.071429 -0.845238 -0.845238 -0.071429 -0.071429 -0.011905 -0.107143 -1.267857 -0.017857 -0.107143 ;
-0.107143 -0.017857 3.732143 -0.107143 -0.845238 -0.071429 -0.071429 -0.011905 -0.011905 -0.071429 -0.071429 -0.845238 -0.107143 -0.017857 -1.267857 -0.107143 ;
-0.017857 -0.107143 -0.107143 3.732143 -0.071429 -0.011905 -0.011905 -0.071429 -0.071429 -0.845238 -0.845238 -0.071429 -0.017857 -0.107143 -0.107143 -1.267857 ;
-0.107143 -0.017857 -1.267857 -0.107143 4.154762 -0.071429 -0.071429 -0.011905 -0.011905 -0.071429 -0.071429 -0.845238 -0.107143 -0.017857 -1.267857 -0.107143 ;
-1.267857 -0.107143 -0.107143 -0.017857 -0.071429 4.154762 -0.845238 -0.071429 -0.071429 -0.011905 -0.011905 -0.071429 -1.267857 -0.107143 -0.107143 -0.017857 ;
-1.267857 -0.107143 -0.107143 -0.017857 -0.071429 -0.845238 4.154762 -0.071429 -0.071429 -0.011905 -0.011905 -0.071429 -1.267857 -0.107143 -0.107143 -0.017857 ;
-0.107143 -1.267857 -0.017857 -0.107143 -0.011905 -0.071429 -0.071429 4.154762 -0.845238 -0.071429 -0.071429 -0.011905 -0.107143 -1.267857 -0.017857 -0.107143 ;
-0.107143 -1.267857 -0.017857 -0.107143 -0.011905 -0.071429 -0.071429 -0.845238 4.154762 -0.071429 -0.071429 -0.011905 -0.107143 -1.267857 -0.017857 -0.107143 ;
-0.017857 -0.107143 -0.107143 -1.267857 -0.071429 -0.011905 -0.011905 -0.071429 -0.071429 4.154762 -0.845238 -0.071429 -0.017857 -0.107143 -0.107143 -1.267857 ;
-0.017857 -0.107143 -0.107143 -1.267857 -0.071429 -0.011905 -0.011905 -0.071429 -0.071429 -0.845238 4.154762 -0.071429 -0.017857 -0.107143 -0.107143 -1.267857 ;
-0.107143 -0.017857 -1.267857 -0.107143 -0.845238 -0.071429 -0.071429 -0.011905 -0.011905 -0.071429 -0.071429 4.154762 -0.107143 -0.017857 -1.267857 -0.107143 ;
-1.267857 -0.107143 -0.107143 -0.017857 -0.071429 -0.845238 -0.845238 -0.071429 -0.071429 -0.011905 -0.011905 -0.071429 3.732143 -0.107143 -0.107143 -0.017857 ;
-0.107143 -1.267857 -0.017857 -0.107143 -0.011905 -0.071429 -0.071429 -0.845238 -0.845238 -0.071429 -0.071429 -0.011905 -0.107143 3.732143 -0.017857 -0.107143 ;
-0.107143 -0.017857 -1.267857 -0.107143 -0.845238 -0.071429 -0.071429 -0.011905 -0.011905 -0.071429 -0.071429 -0.845238 -0.107143 -0.017857 3.732143 -0.107143 ;
-0.017857 -0.107143 -0.107143 -1.267857 -0.071429 -0.011905 -0.011905 -0.071429 -0.071429 -0.845238 -0.845238 -0.071429 -0.017857 -0.107143 -0.107143 3.732143 ;
